0.00,3370,0.00,0,0,0,0,0,0, 0.00,1,1.00,-2.73,-2726.87,416379,-0.01,-0.00
0.00,3371,0.00,0,0,0,0,0,0, 0.00,1,1.00,-2.73,-2726.32,416630,-0.01,0.00
0.00,3372,0.00,0,0,0,0,0,0, 0.00,1,1.00,-2.72,-2720.83,416882,0.01,0.00
0.00,3373,0.00,0,0,0,0,0,0, 0.00,1,1.00,-2.72,-2719.85,417134,0.01,-0.00
0.00,3374,0.00,0,0,0,0,0,0, 0.00,1,1.00,-2.72,-2723.27,417386,-0.00,-0.00
0.00,3375,0.00,0,0,0,0,0,0, 0.00,1,1.00,-2.72,-2723.27,417638,-0.01,0.00
0.00,3376,0.00,0,0,0,0,0,0, 0.00,1,1.00,-2.73,-2728.76,417890,-0.01,-0.00
0.00,3377,0.00,0,0,0,0,0,0, 0.00,1,1.00,-2.73,-2734.07,418142,-0.02,0.00
0.00,3378,0.00,0,0,0,0,0,0, 0.00,1,1.00,-2.73,-2734.56,418394,-0.01,0.00
0.00,3379,0.00,0,0,0,0,0,0, 0.00,1,1.00,-2.73,-2734.92,418646,-0.00,0.00
0.00,3380,0.00,0,0,0,0,0,0, 0.00,1,1.00,-2.73,-2733.22,418898,0.00,0.00
0.00,3381,0.00,0,0,0,0,0,0, 0.00,1,1.00,-2.73,-2733.22,419150,0.00,-0.00
0.00,3382,0.00,0,0,0,0,0,0, 0.00,1,1.00,-2.73,-2726.14,419402,0.01,0.00
0.00,3383,0.00,0,0,0,0,0,0, 0.00,1,1.00,-2.73,-2726.14,419654,0.01,-0.00
0.00,3384,0.00,0,0,0,0,0,0, 0.00,1,1.00,-2.73,-2731.02,419906,-0.01,-0.00
0.00,3385,0.00,0,0,0,0,0,0, 0.00,1,1.00,-2.73,-2734.86,420159,-0.02,0.00
0.00,3386,0.00,0,0,0,0,0,0, 0.00,1,1.00,-2.74,-2737.06,420412,-0.01,0.00
0.00,3387,0.00,0,0,0,0,0,0, 0.00,1,1.00,-2.73,-2731.93,420665,0.01,0.00
0.00,3388,0.00,0,0,0,0,0,0, 0.00,1,1.00,-2.73,-2731.93,420918,0.01,-0.00
0.00,3389,0.00,0,0,0,0,0,0, 0.00,1,1.00,-2.72,-2724.55,421171,0.01,0.00
0.00,3390,0.00,0,0,0,0,0,0, 0.00,1,1.00,-2.72,-2723.14,421424,0.02,-0.00
0.00,3391,0.00,0,0,0,0,0,0, 0.00,1,1.00,-2.72,-2724.55,421677,0.00,-0.00
0.00,3392,0.00,0,0,0,0,0,0, 0.00,1,1.00,-2.73,-2727.54,421930,-0.01,-0.00
0.00,3393,0.00,0,0,0,0,0,0, 0.00,1,1.00,-2.74,-2735.96,422183,-0.02,-0.00
0.00,3394,0.00,0,0,0,0,0,0, 0.00,1,1.00,-2.74,-2735.96,422436,-0.02,0.00
0.00,3395,0.00,0,0,0,0,0,0, 0.00,1,1.00,-2.74,-2743.35,422689,-0.01,-0.00
0.00,3396,0.00,0,0,0,0,0,0, 0.00,1,1.00,-2.75,-2747.25,422942,-0.02,0.00
0.00,3397,0.00,0,0,0,0,0,0, 0.00,1,1.00,-2.75,-2752.14,423195,-0.02,-0.00
0.00,3398,0.00,0,0,0,0,0,0, 0.00,1,1.00,-2.76,-2760.62,423449,-0.03,-0.00
0.00,3399,0.00,0,0,0,0,0,0, 0.00,1,1.00,-2.77,-2771.12,423703,-0.04,-0.00
0.00,3400,0.00,0,0,0,0,0,0, 0.00,1,1.00,-2.77,-2771.12,423957,-0.02,0.00
0.00,3401,0.00,0,0,0,0,0,0, 0.00,1,1.00,-2.78,-2777.83,424211,-0.01,-0.00
0.00,3402,0.00,0,0,0,0,0,0, 0.00,1,1.00,-2.78,-2780.03,424465,-0.02,0.00
0.00,3403,0.00,0,0,0,0,0,0, 0.00,1,1.00,-2.78,-2780.15,424719,-0.00,0.00
0.00,3404,0.00,0,0,0,0,0,0, 0.00,1,1.00,-2.78,-2776.73,424973,0.01,0.00
0.00,3405,0.00,0,0,0,0,0,0, 0.00,1,1.00,-2.78,-2777.53,425227,0.01,-0.00
0.00,3406,0.00,0,0,0,0,0,0, 0.00,1,1.00,-2.78,-2780.82,425481,-0.01,-0.00
0.00,3407,0.00,0,0,0,0,0,0, 0.00,1,1.00,-2.78,-2780.82,425735,-0.01,0.00
0.00,3408,0.00,0,0,0,0,0,0, 0.00,1,1.00,-2.78,-2778.93,425989,0.00,0.00
0.00,3409,0.00,0,0,0,0,0,0, 0.00,1,1.00,-2.78,-2775.76,426243,0.01,0.00
0.00,3410,0.00,0,0,0,0,0,0, 0.00,1,1.00,-2.77,-2771.36,426497,0.01,0.00
0.00,3411,0.00,0,0,0,0,0,0, 0.00,1,1.00,-2.77,-2769.71,426752,0.01,-0.00
0.00,3412,0.00,0,0,0,0,0,0, 0.00,1,1.00,-2.77,-2771.42,427007,-0.00,-0.00
0.00,3413,0.00,0,0,0,0,0,0, 0.00,1,1.00,-2.77,-2771.42,427262,-0.00,0.00
0.00,3414,0.00,0,0,0,0,0,0, 0.00,1,1.00,-2.77,-2768.62,427517,0.01,0.00
0.00,3415,0.00,0,0,0,0,0,0, 0.00,1,1.00,-2.76,-2761.96,427772,0.02,0.00
0.00,3416,0.00,0,0,0,0,0,0, 0.00,1,1.00,-2.76,-2757.75,428027,0.02,-0.00
0.00,3417,0.00,0,0,0,0,0,0, 0.00,1,1.00,-2.76,-2759.64,428282,0.00,-0.00
0.00,3418,0.00,0,0,0,0,0,0, 0.00,1,1.00,-2.76,-2759.64,428537,-0.00,0.00
0.00,3419,0.00,0,0,0,0,0,0, 0.00,1,1.00,-2.76,-2759.64,428792,0.00,0.00
0.00,3420,0.00,0,0,0,0,0,0, 0.00,1,1.00,-2.76,-2760.74,429047,-0.00,-0.00
0.00,3421,0.00,0,0,0,0,0,0, 0.00,1,1.00,-2.76,-2760.93,429302,-0.00,0.00
0.00,3422,0.00,0,0,0,0,0,0, 0.00,1,1.00,-2.76,-2759.64,429557,0.00,0.00
0.00,3423,0.00,0,0,0,0,0,0, 0.00,1,1.00,-2.76,-2760.93,429812,0.00,-0.00
0.00,3424,0.00,0,0,0,0,0,0, 0.00,1,1.00,-2.76,-2758.85,430068,0.00,0.00
0.00,3425,0.00,0,0,0,0,0,0, 0.00,1,1.00,-2.76,-2758.85,430324,0.00,-0.00
0.00,3426,0.00,0,0,0,0,0,0, 0.00,1,1.00,-2.76,-2757.75,430580,0.00,0.00
0.00,3427,0.00,0,0,0,0,0,0, 0.00,1,1.00,-2.76,-2760.74,430836,-0.00,-0.00
0.00,3428,0.00,0,0,0,0,0,0, 0.00,1,1.00,-2.77,-2768.13,431092,-0.02,-0.00
0.00,3429,0.00,0,0,0,0,0,0, 0.00,1,1.00,-2.76,-2760.31,431348,0.00,0.00
0.00,3430,0.00,0,0,0,0,0,0, 0.00,1,1.00,-2.75,-2752.44,431604,0.03,0.00
0.00,3431,0.00,0,0,0,0,0,0, 0.00,1,1.00,-2.75,-2752.44,431860,0.02,-0.00
0.00,3432,0.00,0,0,0,0,0,0, 0.00,1,1.00,-2.75,-2747.92,432116,0.01,0.00
0.00,3433,0.00,0,0,0,0,0,0, 0.00,1,1.00,-2.75,-2750.55,432372,0.00,-0.00
0.00,3434,0.00,0,0,0,0,0,0, 0.00,1,1.00,-2.75,-2748.23,432628,-0.00,0.00
0.00,3435,0.00,0,0,0,0,0,0, 0.00,1,1.00,-2.74,-2741.15,432884,0.02,0.00
0.00,3436,0.00,0,0,0,0,0,0, 0.00,1,1.00,-2.73,-2732.54,433140,0.03,0.00
0.00,3437,0.00,0,0,0,0,0,0, 0.00,1,1.00,-2.73,-2732.54,433396,0.02,-0.00
0.00,3438,0.00,0,0,0,0,0,0, 0.00,1,1.00,-2.73,-2726.26,433653,0.01,0.00
0.00,3439,0.00,0,0,0,0,0,0, 0.00,1,1.00,-2.73,-2728.94,433910,0.01,-0.00
0.00,3440,0.00,0,0,0,0,0,0, 0.00,1,1.00,-2.73,-2728.94,434167,-0.01,0.00
0.00,3441,0.00,0,0,0,0,0,0, 0.00,1,1.00,-2.73,-2727.54,434424,0.00,0.00
0.00,3442,0.00,0,0,0,0,0,0, 0.00,1,1.00,-2.73,-2727.54,434681,0.00,-0.00
0.00,3443,0.00,0,0,0,0,0,0, 0.00,1,1.00,-2.73,-2727.54,434938,0.00,0.00
0.00,3444,0.00,0,0,0,0,0,0, 0.00,1,1.00,-2.73,-2729.92,435195,-0.00,-0.00
0.00,3445,0.00,0,1,0,0,0,0, 0.00,1,1.00,-2.74,-2736.63,435452,-0.02,-0.00
0.00,3446,0.00,0,1,0,0,0,0, 0.00,1,1.00,-2.74,-2742.07,435709,-0.02,0.00
0.00,3447,0.00,0,1,0,0,0,0, 0.00,1,1.00,-2.74,-2742.55,435966,-0.01,0.00
0.00,3448,0.00,0,1,0,0,0,0, 0.00,1,1.00,-2.75,-2745.91,436223,-0.01,-0.00
0.00,3449,0.00,0,1,0,0,0,0, 0.00,1,1.00,-2.75,-2753.85,436480,-0.02,-0.00
0.00,3450,0.00,0,1,0,0,0,0, 0.00,1,1.00,-2.75,-2753.85,436738,-0.02,0.00
0.00,3451,0.00,0,1,0,0,0,0, 0.00,1,1.00,-2.75,-2753.11,436996,0.00,0.00
0.00,3452,0.00,0,1,0,0,0,0, 0.00,1,1.00,-2.75,-2749.33,437254,0.01,0.00
0.00,3453,0.00,0,1,0,0,0,0, 0.00,1,1.00,-2.76,-2757.02,437512,-0.01,-0.00
0.00,3454,0.00,0,1,0,0,0,0, 0.00,1,1.00,-2.76,-2763.24,437770,-0.03,0.00
0.00,3455,0.00,0,1,0,0,0,0, 0.00,1,1.00,-2.77,-2765.26,438028,-0.02,0.00
0.00,3456,0.00,0,1,0,0,0,0, 0.00,1,1.00,-2.77,-2765.26,438286,-0.00,0.00
0.00,3457,0.00,0,1,0,0,0,0, 0.00,1,1.00,-2.77,-2765.26,438544,0.00,0.00
0.00,3458,0.00,0,1,0,0,0,0, 0.00,1,1.00,-2.77,-2768.07,438802,-0.01,-0.00
0.00,3459,0.00,0,1,0,0,0,0, 0.00,1,1.00,-2.77,-2772.46,439060,-0.01,-0.00
0.00,3460,0.00,0,0,0,0,0,0, 0.00,1,1.00,-2.78,-2776.12,439318,-0.02,0.00
0.00,3461,0.00,0,0,0,0,0,0, 0.00,1,1.00,-2.78,-2779.36,439576,-0.01,0.00
0.00,3462,0.00,0,0,0,0,0,0, 0.00,1,1.00,-2.78,-2779.36,439834,-0.01,0.00
0.00,3463,0.00,0,0,0,0,0,0, 0.00,1,1.00,-2.78,-2779.24,440093,0.00,0.00
0.00,3464,0.00,0,0,0,0,0,0, 0.00,1,1.00,-2.77,-2771.67,440352,0.01,0.00
0.00,3465,0.00,0,0,0,0,0,0, 0.00,1,1.00,-2.75,-2750.37,440611,0.06,0.00
0.00,3466,0.00,0,0,0,0,0,0, 0.00,1,1.00,-2.75,-2753.42,440870,0.04,-0.00
0.00,3467,0.00,0,0,0,0,0,0, 0.00,1,1.00,-2.75,-2752.56,441129,-0.00,0.00
0.00,3468,0.00,0,0,0,0,0,0, 0.00,1,1.00,-2.75,-2752.56,441388,0.00,-0.00
0.00,3469,0.00,0,0,0,0,0,0, 0.00,1,1.00,-2.74,-2742.43,441647,0.02,0.00
0.00,3470,0.00,0,0,0,0,0,0, 0.00,1,1.00,-2.73,-2725.65,441906,0.05,0.00
0.00,3471,0.00,0,0,0,0,0,0, 0.00,1,1.00,-2.71,-2714.54,442165,0.05,-0.00
0.00,3472,0.00,0,0,0,0,0,0, 0.00,1,1.00,-2.71,-2709.72,442424,0.03,-0.00
0.00,3473,0.00,0,0,0,0,0,0, 0.00,1,1.00,-2.71,-2705.75,442683,0.02,-0.00
0.00,3474,0.00,0,0,0,0,0,0, 0.00,1,1.00,-2.71,-2705.75,442942,0.01,-0.00
0.00,3475,0.00,0,0,0,0,0,0, 0.00,1,1.00,-2.71,-2710.33,443201,-0.01,-0.00
0.00,3476,0.00,0,0,0,0,0,0, 0.00,1,1.00,-2.73,-2725.83,443460,-0.04,-0.00
0.00,3477,0.00,0,0,0,0,0,0, 0.00,1,1.00,-2.74,-2736.14,443720,-0.05,0.00
0.00,3478,0.00,0,0,0,0,0,0, 0.00,1,1.00,-2.74,-2736.14,443980,-0.02,0.00
0.00,3479,0.00,0,0,0,0,0,0, 0.00,1,1.00,-2.74,-2735.35,444240,0.00,0.00
0.00,3480,0.00,0,0,0,0,0,0, 0.00,1,1.00,-2.74,-2741.03,444500,-0.01,-0.00
0.00,3481,0.00,0,0,0,0,0,0, 0.00,1,1.00,-2.74,-2741.03,444760,-0.01,0.00
0.00,3482,0.00,0,0,0,0,0,0, 0.00,1,1.00,-2.75,-2750.12,445020,-0.02,-0.00
0.00,3483,0.00,0,0,0,0,0,0, 0.00,1,1.00,-2.75,-2753.42,445280,-0.02,0.00
0.00,3484,0.00,0,0,0,0,0,0, 0.00,1,1.00,-2.76,-2755.86,445540,-0.01,0.00
0.00,3485,0.00,0,0,0,0,0,0, 0.00,1,1.00,-2.76,-2756.53,445800,-0.01,0.00
0.00,3486,0.00,0,0,0,0,0,0, 0.00,1,1.00,-2.76,-2757.57,446060,-0.00,-0.00
0.00,3487,0.00,0,0,0,0,0,0, 0.00,1,1.00,-2.76,-2757.57,446320,-0.00,0.00
0.00,3488,0.00,0,0,0,0,0,0, 0.00,1,1.00,-2.76,-2759.34,446580,-0.00,-0.00
0.00,3489,0.00,0,0,0,0,0,0, 0.00,1,1.00,-2.76,-2762.27,446841,-0.01,-0.00
0.00,3490,0.00,0,0,0,0,0,0, 0.00,1,1.00,-2.76,-2762.76,447102,-0.01,0.00
0.00,3491,0.00,0,0,0,0,0,0, 0.00,1,1.00,-2.76,-2764.83,447363,-0.00,-0.00
0.00,3492,0.00,0,0,0,0,0,0, 0.00,1,1.00,-2.77,-2767.15,447624,-0.01,-0.00
0.00,3493,0.00,0,0,0,0,0,0, 0.00,1,1.00,-2.77,-2768.55,447885,-0.01,0.00
0.00,3494,0.00,0,0,0,0,0,0, 0.00,1,1.00,-2.77,-2768.55,448146,-0.00,0.00
0.00,3495,0.00,0,0,0,0,0,0, 0.00,1,1.00,-2.77,-2768.07,448407,0.00,0.00
0.00,3496,0.00,0,0,0,0,0,0, 0.00,1,1.00,-2.77,-2766.66,448668,0.00,0.00
0.00,3497,0.00,0,0,0,0,0,0, 0.00,1,1.00,-2.77,-2768.43,448929,-0.00,-0.00
0.00,3498,0.00,0,0,0,0,0,0, 0.00,1,1.00,-2.77,-2772.34,449190,-0.01,-0.00
0.00,3499,0.00,0,0,0,0,0,0, 0.00,1,1.00,-2.78,-2775.76,449451,-0.01,0.00
0.00,3500,0.00,0,0,0,0,0,0, 0.00,1,1.00,-2.78,-2775.76,449712,-0.01,0.00
