0.00,5600,0.00,0,0,0,0,0,0, 0.00,1,1.00,0.00,0.00,1158921,0.00,0.00
0.00,5601,0.00,0,0,0,0,0,0, 0.00,1,1.00,0.00,0.00,1159334,0.00,0.00
0.00,5602,0.00,0,0,0,0,0,0, 0.00,1,1.00,0.00,0.00,1159747,0.00,0.00
0.00,5603,0.00,0,0,0,0,0,0, 0.00,1,1.00,0.00,0.00,1160160,0.00,0.00
0.00,5604,0.00,0,0,0,0,0,0, 0.00,1,1.00,0.00,0.00,1160573,0.00,0.00
0.00,5605,0.00,0,0,0,0,0,0, 0.00,1,1.00,0.00,0.00,1160986,0.00,0.00
0.00,5606,0.00,0,0,0,0,0,0, 0.00,1,1.00,0.00,0.00,1161399,0.00,0.00
0.00,5607,0.00,0,0,0,0,0,0, 0.00,1,1.00,0.00,0.00,1161812,0.00,0.00
0.00,5608,0.00,0,0,0,0,0,0, 0.00,1,1.00,0.00,0.00,1162225,0.00,0.00
0.00,5609,0.00,0,0,0,0,0,0, 0.00,1,1.00,0.00,0.00,1162639,0.00,0.00
0.00,5610,0.00,0,0,0,0,0,0, 0.00,1,1.00,0.00,0.00,1163053,0.00,0.00
0.00,5611,0.00,0,0,0,0,0,0, 0.00,1,1.00,0.00,0.00,1163467,0.00,0.00
0.00,5612,0.00,0,0,0,0,0,0, 0.00,1,1.00,0.00,0.00,1163881,0.00,0.00
0.00,5613,0.00,0,0,0,0,0,0, 0.00,1,1.00,0.00,0.00,1164295,0.00,0.00
0.00,5614,0.00,0,0,0,0,0,0, 0.00,1,1.00,0.00,0.00,1164709,0.00,0.00
0.00,5615,0.00,0,0,0,0,0,0, 0.00,1,1.00,0.00,0.00,1165123,0.00,0.00
0.00,5616,0.00,0,0,0,0,0,0, 0.00,1,1.00,0.00,0.00,1165537,0.00,0.00
0.00,5617,0.00,0,0,0,0,0,0, 0.00,1,1.00,0.00,0.00,1165951,0.00,0.00
0.00,5618,0.00,0,0,0,0,0,0, 0.00,1,1.00,0.00,0.00,1166365,0.00,0.00
0.00,5619,0.00,0,0,0,0,0,0, 0.00,1,1.00,0.00,0.00,1166779,0.00,0.00
0.00,5620,0.00,0,1,0,0,0,0, 0.00,1,1.00,0.00,0.00,1167193,0.00,0.00
0.00,5621,0.00,0,1,0,0,0,0, 0.00,1,1.00,0.00,0.00,1167607,0.00,0.00
0.00,5622,0.00,0,1,0,0,0,0, 0.00,1,1.00,0.00,0.00,1168021,0.00,0.00
0.00,5623,0.00,0,1,0,0,0,0, 0.00,1,1.00,0.00,0.00,1168436,0.00,0.00
0.00,5624,0.00,0,1,0,0,0,0, 0.00,1,1.00,0.00,0.00,1168851,0.00,0.00
0.00,5625,0.00,0,1,0,0,0,0, 0.00,1,1.00,0.00,0.00,1169266,0.00,0.00
0.00,5626,0.00,0,1,0,0,0,0, 0.00,1,1.00,0.00,0.00,1169681,0.00,0.00
0.00,5627,0.00,0,1,0,0,0,0, 0.00,1,1.00,0.00,0.00,1170096,0.00,0.00
0.00,5628,0.00,0,1,0,0,0,0, 0.00,1,1.00,0.00,0.00,1170511,0.00,0.00
0.00,5629,0.00,0,1,0,0,0,0, 0.00,1,1.00,0.00,0.00,1170926,0.00,0.00
0.00,5630,0.00,0,1,0,0,0,0, 0.00,1,1.00,0.00,0.00,1171341,0.00,0.00
0.00,5631,0.00,0,1,0,0,0,0, 0.00,1,1.00,0.00,0.00,1171756,0.00,0.00
0.00,5632,0.00,0,1,0,0,0,0, 0.00,1,1.00,0.00,0.00,1172171,0.00,0.00
0.00,5633,0.00,0,0,0,0,0,0, 0.00,1,1.00,0.00,0.00,1172586,0.00,0.00
0.00,5634,0.00,0,0,0,0,0,0, 0.00,1,1.00,0.00,0.00,1173001,0.00,0.00
0.00,5635,0.00,0,0,0,0,0,0, 0.00,1,1.00,0.00,0.00,1173416,0.00,0.00
0.00,5636,0.00,0,0,0,0,0,0, 0.00,1,1.00,0.00,0.00,1173831,0.00,0.00
0.00,5637,0.00,0,0,0,0,0,0, 0.00,1,1.00,0.00,0.00,1174247,0.00,0.00
0.00,5638,0.00,0,0,0,0,0,0, 0.00,1,1.00,0.00,0.00,1174663,0.00,0.00
0.00,5639,0.00,0,0,0,0,0,0, 0.00,1,1.00,0.00,0.00,1175079,0.00,0.00
0.00,5640,0.00,0,0,0,0,0,0, 0.00,1,1.00,0.00,0.00,1175495,0.00,0.00
0.00,5641,0.00,0,0,0,0,0,0, 0.00,1,1.00,0.00,0.00,1175911,0.00,0.00
0.00,5642,0.00,0,0,0,0,0,0, 0.00,1,1.00,0.00,0.00,1176327,0.00,0.00
0.00,5643,0.00,0,0,0,0,0,0, 0.00,1,1.00,0.00,0.00,1176743,0.00,0.00
0.00,5644,0.00,0,0,0,0,0,0, 0.00,1,1.00,0.00,0.00,1177159,0.00,0.00
0.00,5645,0.00,0,0,0,0,0,0, 0.00,1,1.00,0.00,0.00,1177575,0.00,0.00
0.00,5646,0.00,0,0,0,0,0,0, 0.00,1,1.00,0.00,0.00,1177991,0.00,0.00
0.00,5647,0.00,0,0,0,0,0,0, 0.00,1,1.00,0.00,0.00,1178407,0.00,0.00
0.00,5648,0.00,0,0,0,0,0,0, 0.00,1,1.00,0.00,0.00,1178823,0.00,0.00
0.00,5649,0.00,0,0,0,0,0,0, 0.00,1,1.00,0.00,0.00,1179239,0.00,0.00
0.00,5650,0.00,0,1,0,0,0,0, 0.00,1,1.00,0.00,0.00,1179655,0.00,0.00
0.00,5651,0.00,0,1,0,0,0,0, 0.00,1,1.00,0.00,0.00,1180072,0.00,0.00
0.00,5652,0.00,0,1,0,0,0,0, 0.00,1,1.00,0.00,0.00,1180489,0.00,0.00
0.00,5653,0.00,0,1,0,0,0,0, 0.00,1,1.00,0.00,0.00,1180906,0.00,0.00
0.00,5654,0.00,0,1,0,0,0,0, 0.00,1,1.00,0.00,0.00,1181323,0.00,0.00
0.00,5655,0.00,0,1,0,0,0,0, 0.00,1,1.00,0.00,0.00,1181740,0.00,0.00
0.00,5656,0.00,0,1,0,0,0,0, 0.00,1,1.00,0.00,0.00,1182157,0.00,0.00
0.00,5657,0.00,0,1,0,0,0,0, 0.00,1,1.00,0.00,0.00,1182574,0.00,0.00
0.00,5658,0.00,0,1,0,0,0,0, 0.00,1,1.00,0.00,0.00,1182991,0.00,0.00
0.00,5659,0.00,0,1,0,0,0,0, 0.00,1,1.00,0.00,0.00,1183408,0.00,0.00
0.00,5660,0.00,0,1,0,0,0,0, 0.00,1,1.00,0.00,0.00,1183825,0.00,0.00
0.00,5661,0.00,0,1,0,0,0,0, 0.00,1,1.00,0.00,0.00,1184242,0.00,0.00
0.00,5662,0.00,0,1,0,0,0,0, 0.00,1,1.00,0.00,0.00,1184659,0.00,0.00
0.00,5663,0.00,0,1,0,0,0,0, 0.00,1,1.00,0.00,0.00,1185076,0.00,0.00
0.00,5664,0.00,0,1,0,0,0,0, 0.00,1,1.00,0.00,0.00,1185493,0.00,0.00
0.00,5665,0.00,0,1,0,0,0,0, 0.00,1,1.00,0.00,0.00,1185911,0.00,0.00
0.00,5666,0.00,0,1,0,0,0,0, 0.00,1,1.00,0.00,0.00,1186329,0.00,0.00
0.00,5667,0.00,0,1,0,0,0,0, 0.00,1,1.00,0.00,0.00,1186747,0.00,0.00
0.00,5668,0.00,0,1,0,0,0,0, 0.00,1,1.00,0.04,39.73,1187165,0.05,0.00
0.00,5669,0.00,0,1,0,0,0,0, 0.00,1,1.00,0.09,92.35,1187583,0.11,0.00
0.00,5670,0.00,0,1,0,0,0,0, 0.00,1,1.00,0.15,148.99,1188001,0.13,0.00
0.00,5671,0.00,0,1,0,0,0,0, 0.00,1,1.00,0.21,213.44,1188419,0.14,0.00
0.00,5672,0.00,0,1,0,0,0,0, 0.00,1,1.00,0.21,213.44,1188837,0.08,-0.00
0.00,5673,0.00,0,1,0,0,0,0, 0.00,1,1.00,0.31,309.27,1189255,0.11,0.00
0.00,5674,0.00,0,1,0,0,0,0, 0.00,1,1.00,0.43,428.47,1189673,0.26,0.00
0.00,5675,0.00,0,1,0,0,0,0, 0.00,1,1.00,0.56,555.24,1190091,0.29,0.00
0.00,5676,0.00,0,1,0,0,0,0, 0.00,1,1.00,0.72,722.35,1190509,0.35,0.00
0.00,5677,0.00,0,1,0,0,0,0, 0.00,1,1.00,0.72,722.35,1190927,0.20,-0.00
0.00,5678,0.00,0,1,0,0,0,0, 0.00,1,1.00,0.93,930.79,1191345,0.25,0.00
0.00,5679,0.00,0,2,3,0,0,24, 0.00,1,1.00,1.08,1079.47,1191764,0.43,-0.00
0.00,5680,102.08,1,2,4,0,25,104, 0.00,1,1.00,1.16,1155.88,1192183,0.27,-0.00
0.00,5681,102.08,1,2,4,0,106,186, 0.00,1,1.00,1.70,1702.88,1192602,0.74,0.00
0.00,5682,102.08,1,2,4,0,188,268, 0.00,1,1.00,1.72,1719.06,1193021,0.67,-0.00
0.00,5683,120.00,1,2,5,0,270,350, 0.00,1,1.00,1.74,1740.05,1193440,0.04,0.00
0.00,5684,120.00,1,2,5,0,351,431, 0.00,1,1.00,1.74,1740.05,1193859,0.03,-0.00
0.00,5685,120.00,1,2,5,0,432,513, 0.00,1,1.00,1.90,1902.04,1194278,0.19,0.00
0.00,5686,106.16,1,2,1,1,514,0, 0.62,3,1.00,2.05,2050.78,1194697,0.37,-0.00
0.00,5687,106.16,1,2,1,1,594,0, 1.73,3,1.00,2.34,2335.27,1195116,0.52,0.00
0.00,5688,106.16,1,2,1,1,673,0, 1.28,3,1.00,2.31,2311.77,1195535,0.31,-0.00
0.00,5689,107.86,1,2,1,1,753,0, 0.17,3,1.00,2.14,2142.76,1195954,-0.23,-0.00
0.00,5690,107.86,1,2,7,1,834,0, 0.00,1,1.00,1.93,1932.07,1196373,-0.45,-0.00
0.00,5691,107.86,1,2,7,1,916,0, 0.00,1,1.00,1.51,1506.53,1196793,-0.76,-0.00
0.00,5692,108.07,1,2,7,1,997,0, 0.00,1,1.00,1.51,1506.53,1197213,-0.51,0.00
0.00,5693,108.07,0,2,3,0,0,28, 0.00,1,1.00,1.21,1206.79,1197633,-0.36,-0.00
0.00,5694,109.79,1,2,4,0,25,110, 0.00,1,1.00,1.59,1593.57,1198053,0.10,0.00
0.00,5695,109.79,1,2,4,0,105,191, 0.00,1,1.00,2.91,2905.27,1198473,2.02,0.01
0.00,5696,109.79,1,2,4,0,186,272, 0.00,1,1.00,2.91,2905.27,1198893,1.56,-0.01
0.00,5697,120.00,1,2,5,0,268,354, 0.00,1,1.00,4.35,4352.23,1199313,1.72,0.01
0.00,5698,120.00,1,2,5,0,349,436, 0.00,1,1.00,5.75,5753.66,1199733,3.39,-0.00
0.00,5699,120.00,1,2,5,0,431,517, 0.00,1,1.00,7.21,7206.18,1200153,3.40,0.00
0.00,5700,120.00,1,2,5,0,512,598, 0.00,1,1.00,8.56,8560.97,1200574,3.34,-0.00
0.00,5701,120.00,1,2,5,0,594,680, 0.00,1,1.00,9.94,9944.58,1200995,3.25,0.00
0.00,5702,120.00,1,2,5,0,675,762, 0.00,1,1.00,11.29,11286.68,1201416,3.24,-0.00
0.00,5703,120.00,1,2,5,0,760,846, 0.00,1,1.00,12.32,12322.39,1201837,2.82,-0.00
0.00,5704,120.00,1,2,5,0,844,930, 0.00,1,1.00,12.44,12443.24,1202258,1.37,-0.01
0.00,5705,120.00,1,2,5,0,928,1014, 0.00,1,1.00,11.88,11880.43,1202679,-0.52,-0.00
0.00,5706,147.46,1,2,6,0,1015,29, 0.00,1,1.00,10.99,10991.76,1203100,-1.72,-0.00
0.00,5707,120.00,1,2,5,0,0,345, 0.00,1,1.00,10.99,10991.76,1203521,-1.06,0.01
0.00,5708,154.00,1,2,1,1,24,0, 3.09,3,1.00,9.72,9722.66,1203942,-1.51,-0.01
0.00,5709,154.00,1,2,1,1,104,0, 3.95,3,1.00,8.39,8388.73,1204363,-3.09,-0.00
0.00,5710,154.00,1,2,1,1,185,0, 1.39,3,1.00,7.46,7457.46,1204785,-2.69,0.00
0.00,5711,155.18,1,2,1,1,265,0, 4.16,3,1.00,6.58,6576.78,1205207,-2.15,0.00
0.00,5712,155.18,1,2,1,1,345,0, 8.08,3,1.00,6.58,6576.78,1205629,-1.04,0.00
0.00,5713,155.18,1,2,1,1,426,0, 8.32,3,1.00,6.01,6012.94,1206051,-0.67,-0.00
0.00,5714,159.97,1,2,1,1,507,0, 7.49,3,1.00,5.69,5690.98,1206473,-1.05,0.00
0.00,5715,159.97,1,2,1,1,587,0, 7.91,3,1.00,5.27,5266.78,1206895,-0.88,-0.00
0.00,5716,159.97,1,2,1,1,668,0, 9.40,3,1.00,4.71,4710.94,1207317,-1.16,-0.00
0.00,5717,161.27,1,2,1,1,748,0, 9.60,3,1.00,4.08,4083.07,1207739,-1.40,-0.00
0.00,5718,161.27,1,2,1,1,830,0, 8.63,3,1.00,3.26,3260.38,1208161,-1.72,-0.00
0.00,5719,161.27,1,2,1,1,911,0, 9.36,3,1.00,2.87,2872.44,1208583,-1.43,0.00
0.00,5720,162.56,1,2,1,1,991,0, 9.22,3,1.00,2.87,2872.44,1209005,-0.46,0.00
0.00,5721,162.56,1,2,1,1,1071,0, 7.73,3,1.00,2.72,2715.76,1209427,-0.19,-0.00
0.00,5722,162.56,1,2,1,1,1154,0, 7.70,3,1.00,2.45,2449.46,1209850,-0.50,-0.00
0.00,5723,164.46,1,2,1,1,1236,0, 8.50,3,1.00,2.44,2437.44,1210273,-0.33,0.00
0.00,5724,164.46,1,2,1,1,1317,0, 8.53,3,1.00,2.16,2160.46,1210696,-0.34,-0.00
0.00,5725,164.46,1,2,1,1,1399,0, 8.56,3,1.00,1.43,1426.57,1211119,-1.19,-0.00
0.00,5726,162.57,1,2,1,1,1481,0, 8.77,3,1.00,0.67,674.99,1211542,-1.76,-0.00
0.00,5727,162.57,1,3,1,1,1563,0, 8.01,3,1.00,0.36,362.37,1211965,-1.26,0.00
0.00,5728,162.57,1,2,1,1,1642,0, 6.38,3,1.00,1.17,1165.16,1212388,0.58,0.01
0.00,5729,165.12,1,2,1,1,1722,0, 5.55,3,1.00,1.17,1165.16,1212811,0.95,-0.00
0.00,5730,165.12,1,2,1,1,1803,0, 5.55,3,1.00,1.86,1864.38,1213234,0.83,0.00
0.00,5731,165.12,1,2,1,1,1884,0, 5.06,3,1.00,1.68,1681.03,1213657,0.61,-0.00
0.00,5732,166.25,1,2,1,1,1965,0, 6.48,3,1.00,1.36,1355.96,1214080,-0.60,-0.00
0.00,5733,166.25,1,2,1,1,2047,0, 7.00,3,1.00,0.86,864.44,1214503,-0.97,-0.00
0.00,5734,166.25,1,3,1,1,2128,0, 5.69,3,1.00,0.11,107.79,1214927,-1.47,-0.00
0.00,5735,164.33,1,3,1,1,2209,0, 5.24,3,1.00,0.09,90.15,1215351,-0.91,0.00
0.00,5736,164.33,1,3,1,1,2289,0, 5.03,3,1.00,0.76,763.24,1215775,0.77,0.00
0.00,5737,164.33,1,3,1,1,2367,0, 5.48,3,1.00,0.76,763.24,1216199,0.79,-0.00
0.00,5738,167.01,1,3,1,1,2447,0, 6.35,3,1.00,0.95,948.24,1216623,0.22,0.00
0.00,5739,167.01,1,3,1,1,2526,0, 6.35,3,1.00,0.95,948.24,1217047,0.22,-0.00
0.00,5740,167.01,1,3,1,1,2606,0, 4.92,3,1.00,0.04,37.54,1217471,-1.07,-0.01
0.00,5741,163.75,1,3,1,1,2687,0, 4.13,3,1.00,-0.61,-612.12,1217895,-1.84,0.00
0.00,5742,163.75,1,3,1,1,2769,0, 4.09,3,1.00,-0.30,-302.61,1218319,-0.40,0.01
0.00,5743,163.75,1,3,1,1,2851,0, 3.57,3,1.00,0.01,6.65,1218743,0.73,-0.00
0.00,5744,165.86,1,3,1,1,2929,0, 3.02,3,1.00,0.18,182.68,1219167,0.57,-0.00
0.00,5745,165.86,1,3,1,1,3008,0, 2.36,3,1.00,0.18,182.68,1219591,0.21,-0.00
0.00,5746,165.86,1,3,1,1,3089,0, 1.98,3,1.00,0.51,511.17,1220015,0.39,0.00
0.00,5747,166.39,1,3,1,1,3168,0, 3.26,3,1.00,0.52,520.26,1220440,0.40,-0.00
0.00,5748,166.39,1,3,1,1,3248,0, 4.13,3,1.00,0.52,520.26,1220865,0.01,-0.00
0.00,5749,166.39,1,2,1,1,3328,0, 3.50,3,1.00,1.17,1166.87,1221290,0.76,0.00
0.00,5750,169.31,1,2,1,1,3408,0, 3.74,3,1.00,1.68,1684.57,1221715,1.37,-0.00
0.00,5751,169.31,1,2,1,1,3490,0, 3.92,3,1.00,1.68,1684.57,1222140,0.61,-0.00
0.00,5752,169.31,1,2,1,1,3571,0, 4.02,3,1.00,1.63,1633.06,1222565,-0.06,-0.00
0.00,5753,169.96,1,2,1,1,3653,0, 3.99,3,1.00,1.63,1633.06,1222990,-0.06,0.00
0.00,5754,169.96,1,2,1,1,3733,0, 4.09,3,1.00,1.75,1748.23,1223415,0.14,0.00
0.00,5755,169.96,1,2,1,1,3814,0, 3.19,3,1.00,2.20,2197.75,1223840,0.66,0.00
0.00,5756,172.85,1,2,1,1,3894,0, 3.50,3,1.00,2.31,2309.88,1224265,0.66,-0.00
0.00,5757,172.85,1,2,1,1,3975,0, 3.99,3,1.00,1.85,1847.53,1224690,-0.41,-0.00
0.00,5758,172.85,1,2,1,1,4057,0, 3.71,3,1.00,1.35,1351.56,1225115,-1.13,-0.00
0.00,5759,171.21,1,2,1,1,4139,0, 4.92,3,1.00,0.94,938.78,1225541,-1.07,0.00
0.00,5760,171.21,1,2,1,1,4220,0, 5.06,3,1.00,0.68,683.96,1225967,-0.78,0.00
0.00,5761,171.21,1,2,1,1,4300,0, 3.50,3,1.00,0.53,527.34,1226393,-0.48,0.00
0.00,5762,171.70,1,2,1,1,4380,0, 3.33,3,1.00,0.53,527.34,1226819,-0.18,0.00
0.00,5763,171.70,1,2,1,1,4459,0, 3.74,3,1.00,0.65,650.27,1227245,0.14,0.00
0.00,5764,171.70,1,2,1,1,4538,0, 2.91,3,1.00,0.55,548.89,1227671,0.03,-0.00
0.00,5765,171.46,1,3,1,1,4619,0, 2.67,3,1.00,0.15,151.25,1228097,-0.59,-0.00
0.00,5766,171.46,1,3,1,1,4700,0, 3.47,3,1.00,0.15,151.25,1228523,-0.47,0.00
0.00,5767,171.46,1,3,1,1,4780,0, 3.33,3,1.00,-0.13,-127.93,1228949,-0.33,-0.00
0.00,5768,171.13,1,3,1,1,4863,0, 2.01,3,1.00,-0.13,-127.93,1229375,-0.33,0.00
0.00,5769,171.13,1,3,1,1,4946,0, 2.39,3,1.00,-0.41,-407.65,1229801,-0.33,-0.00
0.00,5770,171.13,1,3,1,1,5029,0, 2.01,3,1.00,-0.67,-672.55,1230227,-0.64,0.00
0.00,5771,169.91,1,3,1,1,5111,0, 1.60,3,1.00,-0.67,-672.55,1230653,-0.31,0.00
0.00,5772,169.91,1,3,1,1,5193,0, 3.33,3,1.00,-0.65,-649.84,1231080,0.03,0.00
0.00,5773,169.91,1,3,1,1,5274,0, 4.02,3,1.00,-0.04,-36.87,1231507,0.74,0.00
0.00,5774,170.28,1,3,1,1,5354,0, 3.92,3,1.00,-0.40,-395.02,1231934,0.30,-0.01
0.00,5775,170.28,1,3,1,1,5436,0, 2.50,3,1.00,-0.46,-456.24,1232361,-0.49,0.00
0.00,5776,170.28,1,3,1,1,5518,0, 2.67,3,1.00,-0.46,-459.96,1232788,-0.08,0.00
0.00,5777,170.34,1,3,1,1,5600,0, 3.43,3,1.00,-0.17,-171.45,1233215,0.33,0.00
0.00,5778,170.34,1,3,1,1,5682,0, 3.22,3,1.00,0.08,79.96,1233642,0.63,-0.00
0.00,5779,170.34,1,3,1,1,5761,0, 3.02,3,1.00,0.32,319.46,1234069,0.57,-0.00
0.00,5780,171.22,1,3,1,1,5841,0, 3.64,3,1.00,0.32,319.46,1234496,0.28,-0.00
0.00,5781,171.22,1,3,1,1,5921,0, 3.85,3,1.00,0.74,739.99,1234923,0.49,0.00
0.00,5782,171.22,1,3,1,1,6000,0, 2.91,3,1.00,0.96,956.48,1235350,0.75,-0.00
0.00,5783,172.40,1,3,1,1,6080,0, 2.12,3,1.00,0.83,826.17,1235777,0.10,-0.00
0.00,5784,172.40,1,3,1,1,6160,0, 2.12,3,1.00,0.23,227.48,1236205,-0.85,-0.00
0.00,5785,172.40,1,3,1,1,6241,0, 2.91,3,1.00,0.36,361.15,1236633,-0.54,0.00
0.00,5786,172.92,1,3,1,1,6321,0, 3.74,3,1.00,0.87,873.78,1237061,0.76,0.00
0.00,5787,172.92,1,3,1,1,6400,0, 4.68,3,1.00,0.87,873.78,1237489,0.60,-0.00
0.00,5788,172.92,1,2,1,1,6481,0, 4.68,3,1.00,1.21,1214.23,1237917,0.40,0.00
0.00,5789,172.93,1,2,1,1,6561,0, 4.37,3,1.00,0.58,584.47,1238345,-0.34,-0.01
0.00,5790,172.93,1,3,1,1,6642,0, 3.68,3,1.00,0.23,225.16,1238773,-1.16,0.00
0.00,5791,172.93,1,3,1,1,6721,0, 3.74,3,1.00,0.56,556.34,1239201,-0.03,0.00
0.00,5792,175.04,1,2,1,1,6801,0, 4.30,3,1.00,1.24,1236.27,1239629,1.18,0.00
0.00,5793,175.04,1,2,1,1,6882,0, 3.99,3,1.00,1.42,1416.75,1240057,1.01,-0.00
0.00,5794,175.04,1,2,1,1,6963,0, 4.26,3,1.00,0.65,651.18,1240485,-0.68,-0.01
0.00,5795,174.12,1,2,1,1,7044,0, 5.24,3,1.00,0.55,551.09,1240913,-1.01,0.00
0.00,5796,174.12,1,2,1,1,7124,0, 5.24,3,1.00,0.55,551.09,1241342,-0.12,0.00
0.00,5797,174.12,1,2,1,1,7204,0, 4.33,3,1.00,1.02,1019.65,1241771,0.55,0.00
0.00,5798,176.62,1,2,1,1,7285,0, 4.65,3,1.00,1.30,1295.35,1242200,0.87,-0.00
0.00,5799,176.62,1,2,1,1,7366,0, 6.28,3,1.00,0.86,864.99,1242629,-0.18,-0.00
0.00,5800,176.62,1,2,1,1,7446,0, 6.07,3,1.00,0.50,502.38,1243058,-0.92,0.00
0.00,5801,175.17,1,3,1,1,7526,0, 4.82,3,1.00,0.38,378.05,1243487,-0.57,0.00
0.00,5802,175.17,1,3,1,1,7606,0, 4.79,3,1.00,0.58,577.09,1243916,0.09,0.00
0.00,5803,175.17,1,3,1,1,7686,0, 4.89,3,1.00,0.69,688.05,1244345,0.36,-0.00
0.00,5804,176.65,1,3,1,1,7766,0, 4.23,3,1.00,0.69,688.05,1244774,0.13,-0.00
0.00,5805,176.65,1,3,1,1,7846,0, 4.58,3,1.00,0.12,115.48,1245203,-0.67,-0.00
0.00,5806,176.65,1,3,1,1,7927,0, 4.75,3,1.00,0.12,115.48,1245632,-0.67,0.00
0.00,5807,176.00,1,3,1,1,8008,0, 4.47,3,1.00,0.23,232.97,1246061,0.14,0.00
0.00,5808,176.00,1,3,1,1,8086,0, 5.44,3,1.00,0.61,607.97,1246490,0.57,0.00
0.00,5809,176.00,1,3,1,1,8165,0, 5.89,3,1.00,0.31,307.68,1246920,0.09,-0.00
0.00,5810,175.91,1,3,1,1,8245,0, 4.85,3,1.00,0.01,14.16,1247350,-0.69,0.00
0.00,5811,175.91,1,3,1,1,8324,0, 4.44,3,1.00,0.01,14.16,1247780,-0.34,0.00
0.00,5812,175.91,1,3,1,1,8403,0, 4.82,3,1.00,0.13,128.17,1248210,0.13,0.00
0.00,5813,177.26,1,3,1,1,8483,0, 4.75,3,1.00,0.55,550.05,1248640,0.62,0.00
0.00,5814,177.26,1,3,1,1,8562,0, 4.99,3,1.00,0.61,608.89,1249070,0.56,-0.00
0.00,5815,177.26,1,3,1,1,8641,0, 6.45,3,1.00,-0.10,-96.56,1249500,-0.75,-0.00
0.00,5816,175.97,1,3,1,1,8723,0, 6.21,3,1.00,-0.08,-83.92,1249930,-0.81,0.00
0.00,5817,175.97,1,3,1,1,8804,0, 5.51,3,1.00,0.24,243.35,1250360,0.40,0.00
0.00,5818,175.97,1,3,1,1,8884,0, 6.41,3,1.00,0.88,880.86,1250790,1.12,0.00
0.00,5819,178.44,1,3,1,1,8963,0, 5.86,3,1.00,0.88,880.86,1251220,0.74,-0.00
0.00,5820,178.44,1,3,1,1,9043,0, 4.65,3,1.00,0.45,449.89,1251650,-0.50,-0.00
0.00,5821,178.44,1,3,1,1,9124,0, 5.72,3,1.00,-0.11,-112.06,1252081,-1.15,-0.00
0.00,5822,176.36,1,3,1,1,9208,0, 7.14,3,1.00,-0.12,-121.95,1252512,-0.66,0.00
0.00,5823,176.36,1,3,1,1,9290,0, 6.69,3,1.00,0.17,172.67,1252943,0.33,0.00
0.00,5824,176.36,1,3,1,1,9368,0, 6.87,3,1.00,0.58,580.75,1253374,0.82,0.00
0.00,5825,178.01,1,3,1,1,9447,0, 6.83,3,1.00,0.42,419.19,1253805,0.29,-0.00
0.00,5826,178.01,1,3,1,1,9527,0, 5.62,3,1.00,0.26,258.85,1254236,-0.37,0.00
0.00,5827,178.01,1,3,1,1,9608,0, 5.58,3,1.00,0.26,258.85,1254667,-0.19,0.00
0.00,5828,178.10,1,3,1,1,9688,0, 6.35,3,1.00,0.43,431.27,1255098,0.20,0.00
0.00,5829,178.10,1,3,1,1,9767,0, 6.90,3,1.00,0.93,928.28,1255529,0.78,0.00
0.00,5830,178.10,1,3,1,1,9846,0, 7.39,3,1.00,0.60,601.26,1255960,0.20,-0.00
0.00,5831,177.71,1,3,1,1,9926,0, 6.69,3,1.00,0.11,112.37,1256391,-0.95,-0.00
0.00,5832,177.71,1,3,1,1,10007,0, 6.28,3,1.00,0.07,67.26,1256822,-0.62,0.00
0.00,5833,177.71,1,3,1,1,10087,0, 7.04,3,1.00,0.72,715.58,1257253,0.70,0.00
0.00,5834,180.37,1,2,1,1,10167,0, 7.73,3,1.00,1.16,1164.37,1257685,1.27,-0.00
0.00,5835,180.37,1,2,1,1,10249,0, 8.46,3,1.00,1.16,1164.37,1258117,0.52,-0.00
0.00,5836,180.37,1,3,1,1,10331,0, 8.01,3,1.00,0.45,453.25,1258549,-0.82,-0.00
0.00,5837,177.78,1,3,1,1,10414,0, 9.33,3,1.00,-0.14,-139.83,1258981,-1.51,0.00
0.00,5838,177.78,1,3,1,1,10497,0, 9.47,3,1.00,0.16,163.76,1259413,-0.34,0.00
0.00,5839,177.78,1,3,1,1,10578,0, 7.66,3,1.00,0.88,876.77,1259845,1.18,0.00
0.00,5840,179.96,1,3,1,1,10658,0, 8.43,3,1.00,0.57,572.39,1260277,0.47,-0.01
0.00,5841,179.96,1,3,1,1,10740,0, 8.04,3,1.00,0.20,200.13,1260709,-0.78,-0.00
0.00,5842,179.96,1,3,1,1,10822,0, 8.43,3,1.00,0.34,344.24,1261141,-0.26,0.00
0.00,5843,180.62,1,3,1,1,10902,0, 9.22,3,1.00,0.82,816.83,1261573,0.71,0.00
0.00,5844,180.62,1,3,1,1,10982,0, 9.36,3,1.00,0.82,816.83,1262005,0.55,-0.00
0.00,5845,180.62,1,2,1,1,11063,0, 10.09,3,1.00,1.01,1006.84,1262437,0.22,0.00
0.00,5846,181.26,1,2,1,1,11146,0, 10.61,3,1.00,0.86,860.96,1262870,0.05,-0.00
0.00,5847,181.26,1,2,1,1,11228,0, 9.78,3,1.00,0.87,869.38,1263303,-0.16,0.00
0.00,5848,181.26,1,2,1,1,11309,0, 9.81,3,1.00,0.92,922.85,1263736,0.07,0.00
0.00,5849,182.55,1,2,1,1,11389,0, 11.27,3,1.00,1.13,1132.93,1264169,0.30,0.00
0.00,5850,182.55,1,2,1,1,11472,0, 12.10,3,1.00,1.13,1132.93,1264602,0.24,-0.00
0.00,5851,182.55,1,2,1,1,11555,0, 12.34,3,1.00,0.95,946.53,1265035,-0.22,-0.00
0.00,5852,183.03,1,2,1,1,11638,0, 12.97,3,1.00,1.01,1008.79,1265468,-0.14,0.00
0.00,5853,183.03,1,2,1,1,11721,0, 13.97,3,1.00,1.02,1021.97,1265901,0.09,-0.00
0.00,5854,183.03,1,2,1,1,11805,0, 13.56,3,1.00,1.02,1021.97,1266334,0.02,-0.00
0.00,5855,183.54,1,2,1,1,11888,0, 12.73,3,1.00,0.85,853.15,1266767,-0.19,-0.00
0.00,5856,183.54,1,2,1,1,11970,0, 13.00,3,1.00,0.52,516.54,1267200,-0.58,-0.00
0.00,5857,183.54,1,2,1,1,12053,0, 14.88,3,1.00,0.53,532.78,1267633,-0.37,0.00
0.00,5858,183.38,1,3,1,1,12136,0, 14.94,3,1.00,0.45,450.13,1268067,-0.08,-0.00
0.00,5859,183.38,1,3,1,1,12219,0, 13.87,3,1.00,0.45,450.13,1268501,-0.10,0.00
0.00,5860,183.38,1,3,1,1,12301,0, 13.42,3,1.00,0.44,442.87,1268935,-0.01,-0.00
0.00,5861,183.77,1,3,1,1,12384,0, 12.69,3,1.00,0.38,376.77,1269369,-0.08,-0.00
0.00,5862,183.77,1,3,1,1,12468,0, 15.15,3,1.00,0.11,112.98,1269803,-0.38,-0.00
0.00,5863,183.77,1,3,1,1,12551,0, 14.25,3,1.00,-0.02,-23.62,1270237,-0.46,0.00
0.00,5864,183.27,1,3,1,1,12634,0, 13.07,3,1.00,0.01,13.49,1270671,-0.11,0.00
0.00,5865,183.27,1,3,1,1,12715,0, 15.71,3,1.00,0.01,13.49,1271105,0.04,-0.00
0.00,5866,183.27,1,3,1,1,12796,0, 15.36,3,1.00,0.19,190.06,1271539,0.20,0.00
0.00,5867,183.67,1,3,1,1,12878,0, 14.42,3,1.00,0.10,101.07,1271973,0.10,-0.00
0.00,5868,183.67,1,3,1,1,12960,0, 15.19,3,1.00,0.10,101.07,1272407,-0.10,0.00
0.00,5869,183.67,1,3,1,1,13042,0, 11.79,3,1.00,0.54,536.07,1272841,0.50,0.00
0.00,5870,184.70,1,3,1,1,13122,0, 11.41,3,1.00,0.54,536.07,1273276,0.50,-0.00
0.00,5871,184.70,1,3,1,1,13205,0, 13.56,3,1.00,0.17,169.37,1273711,-0.42,-0.00
0.00,5872,184.70,1,3,1,1,13288,0, 14.08,3,1.00,-0.17,-169.74,1274146,-0.81,0.00
0.00,5873,184.83,1,3,1,1,13372,0, 12.52,3,1.00,0.50,498.35,1274581,0.38,0.01
0.00,5874,184.83,1,3,1,1,13453,0, 13.00,3,1.00,0.50,498.35,1275016,0.77,-0.00
0.00,5875,184.83,1,3,1,1,13536,0, 16.37,3,1.00,0.75,750.73,1275451,0.29,0.00
0.00,5876,186.68,1,2,1,1,13617,0, 16.47,3,1.00,1.12,1119.57,1275886,0.71,0.00
0.00,5877,186.68,1,2,1,1,13699,0, 15.43,3,1.00,0.76,759.03,1276321,0.01,-0.00
0.00,5878,186.68,1,2,1,1,13781,0, 13.56,3,1.00,0.84,843.69,1276756,-0.32,0.00
0.00,5879,186.27,1,2,1,1,13863,0, 15.15,3,1.00,0.69,689.88,1277191,-0.08,-0.00
0.00,5880,186.27,1,2,1,1,13947,0, 13.14,3,1.00,0.74,744.38,1277626,-0.11,0.00
0.00,5881,186.27,1,2,1,1,14029,0, 12.69,3,1.00,0.68,678.34,1278061,-0.01,-0.00
0.00,5882,186.42,1,3,1,1,14112,0, 15.05,3,1.00,0.42,419.43,1278496,-0.37,-0.00
0.00,5883,186.42,1,3,1,1,14195,0, 16.09,3,1.00,-0.04,-36.56,1278932,-0.82,-0.00
0.00,5884,186.42,1,3,1,1,14280,0, 16.54,3,1.00,-0.04,-36.56,1279368,-0.52,0.00
0.00,5885,185.49,1,3,1,1,14363,0, 14.98,3,1.00,-0.19,-188.35,1279804,-0.17,-0.00
0.00,5886,185.49,1,3,1,1,14448,0, 15.29,3,1.00,0.18,182.68,1280240,0.25,0.00
0.00,5887,185.49,1,3,1,1,14528,0, 13.35,3,1.00,-0.16,-164.61,1280676,0.03,-0.00
0.00,5888,184.77,1,3,1,1,14613,0, 11.30,3,1.00,-0.57,-567.93,1281112,-0.86,-0.00
0.00,5889,184.77,1,3,1,1,14698,0, 13.49,3,1.00,-1.03,-1032.23,1281548,-0.99,-0.00
0.00,5890,184.77,1,3,1,1,14784,0, 13.83,3,1.00,-1.19,-1192.02,1281984,-0.72,0.00
0.00,5891,182.83,1,3,1,1,14870,0, 13.56,3,1.00,-1.30,-1295.23,1282420,-0.30,0.00
0.00,5892,182.83,1,3,1,1,14955,0, 13.52,3,1.00,-0.97,-970.15,1282856,0.25,0.00
0.00,5893,182.83,1,3,1,1,15038,0, 13.14,3,1.00,-0.64,-641.42,1283292,0.75,0.00
0.00,5894,184.10,1,3,1,1,15121,0, 12.21,3,1.00,-0.45,-449.95,1283729,0.60,-0.00
0.00,5895,184.10,1,3,1,1,15206,0, 10.30,3,1.00,-0.55,-545.04,1284166,0.11,-0.00
0.00,5896,184.10,1,3,1,1,15290,0, 9.29,3,1.00,-0.55,-545.04,1284603,-0.11,0.00
0.00,5897,183.10,1,3,1,1,15373,0, 10.89,3,1.00,-0.55,-545.04,1285040,0.00,0.00
0.00,5898,183.10,1,3,1,1,15456,0, 12.52,3,1.00,-0.42,-416.14,1285477,0.15,0.00
0.00,5899,183.10,1,3,1,1,15540,0, 11.37,3,1.00,-0.29,-288.15,1285914,0.29,-0.00
0.00,5900,184.00,1,3,1,1,15624,0, 7.94,3,1.00,0.01,13.67,1286351,0.49,0.00
0.00,5901,184.00,1,3,1,1,15703,0, 7.52,3,1.00,0.14,143.86,1286788,0.49,-0.00
0.00,5902,184.00,1,3,1,1,15784,0, 9.40,3,1.00,-0.06,-64.51,1287225,-0.09,-0.00
0.00,5903,183.49,1,3,1,1,15868,0, 10.37,3,1.00,-0.09,-91.55,1287662,-0.27,0.00
0.00,5904,183.49,1,3,1,1,15951,0, 10.71,3,1.00,-0.06,-55.05,1288099,0.01,0.00
0.00,5905,183.49,1,3,1,1,16033,0, 9.88,3,1.00,0.16,164.67,1288536,0.29,0.00
0.00,5906,184.06,1,3,1,1,16113,0, 10.96,3,1.00,0.16,164.67,1288973,0.25,-0.00
0.00,5907,184.06,1,3,1,1,16195,0, 12.27,3,1.00,0.16,157.65,1289411,-0.01,-0.00
0.00,5908,184.06,1,3,1,1,16278,0, 9.95,3,1.00,-0.23,-228.76,1289849,-0.45,-0.00
0.00,5909,182.56,1,3,1,1,16362,0, 9.92,3,1.00,-0.49,-489.01,1290287,-0.74,0.00
0.00,5910,182.56,1,3,1,1,16445,0, 12.93,3,1.00,-0.62,-621.64,1290725,-0.45,0.00
0.00,5911,182.56,1,3,1,1,16530,0, 10.44,3,1.00,-0.81,-814.27,1291163,-0.37,-0.00
0.00,5912,181.75,1,3,1,1,16615,0, 9.74,3,1.00,-0.81,-814.27,1291601,-0.22,0.00
0.00,5913,181.75,1,3,1,1,16698,0, 9.26,3,1.00,-0.65,-651.73,1292039,0.19,0.00
0.00,5914,181.75,1,3,1,1,16780,0, 9.71,3,1.00,-0.65,-651.73,1292477,0.19,-0.00
0.00,5915,181.11,1,3,1,1,16864,0, 11.48,3,1.00,-0.88,-876.04,1292915,-0.26,-0.00
0.00,5916,181.11,1,3,1,1,16949,0, 9.92,3,1.00,-0.72,-724.24,1293353,-0.08,0.00
0.00,5917,181.11,1,3,1,1,17032,0, 9.40,3,1.00,-0.72,-724.24,1293791,0.17,-0.00
0.00,5918,181.30,1,3,1,1,17115,0, 8.60,3,1.00,-0.50,-502.32,1294229,0.25,0.00
0.00,5919,181.30,1,3,1,1,17198,0, 9.64,3,1.00,-0.51,-508.06,1294668,0.25,-0.00
0.00,5920,181.30,1,3,1,1,17281,0, 10.92,3,1.00,-0.56,-564.03,1295107,-0.07,-0.00
0.00,5921,180.37,1,3,1,1,17366,0, 10.02,3,1.00,-0.65,-653.93,1295546,-0.17,-0.00
0.00,5922,180.37,1,3,1,1,17451,0, 9.47,3,1.00,-0.63,-626.83,1295985,-0.07,0.00
0.00,5923,180.37,1,3,1,1,17535,0, 9.54,3,1.00,-0.79,-793.95,1296424,-0.16,-0.00
0.00,5924,179.04,1,3,1,1,17619,0, 9.33,3,1.00,-1.04,-1037.41,1296863,-0.47,-0.00
0.00,5925,179.04,1,3,1,1,17704,0, 10.12,3,1.00,-0.79,-793.82,1297302,0.00,0.00
0.00,5926,179.04,1,3,1,1,17787,0, 9.36,3,1.00,-0.56,-563.96,1297741,0.54,-0.00
0.00,5927,179.90,1,3,1,1,17871,0, 8.29,3,1.00,-0.39,-386.23,1298180,0.46,-0.00
0.00,5928,179.90,1,3,1,1,17954,0, 8.70,3,1.00,-0.50,-495.36,1298619,0.08,-0.00
0.00,5929,179.90,1,3,1,1,18037,0, 8.43,3,1.00,-0.50,-495.36,1299058,-0.12,0.00
0.00,5930,178.50,1,3,1,1,18120,0, 8.53,3,1.00,-0.72,-718.26,1299498,-0.25,-0.00
0.00,5931,178.50,1,3,1,1,18205,0, 8.88,3,1.00,-0.72,-724.37,1299938,-0.26,0.00
0.00,5932,178.50,1,3,1,1,18288,0, 8.63,3,1.00,-0.77,-768.07,1300378,-0.06,-0.00
0.00,5933,177.29,1,3,1,1,18371,0, 8.77,3,1.00,-1.07,-1068.05,1300818,-0.39,-0.00
0.00,5934,177.29,1,3,1,1,18458,0, 9.36,3,1.00,-1.55,-1547.42,1301258,-0.89,-0.00
0.00,5935,177.29,1,3,1,1,18543,0, 8.15,3,1.00,-1.61,-1608.34,1301698,-0.61,0.00
0.00,5936,175.28,1,3,1,1,18626,0, 7.14,3,1.00,-1.64,-1642.64,1302138,-0.11,0.00
0.00,5937,175.28,1,3,1,1,18710,0, 8.01,3,1.00,-1.95,-1951.05,1302578,-0.39,-0.00
0.00,5938,175.28,1,3,1,1,18796,0, 8.15,3,1.00,-2.54,-2543.64,1303018,-1.02,-0.00
0.00,5939,172.01,1,3,1,1,18881,0, 7.77,3,1.00,-2.62,-2619.75,1303458,-0.76,0.00
0.00,5940,172.01,1,3,1,1,18965,0, 8.15,3,1.00,-2.55,-2546.57,1303898,-0.00,0.00
0.00,5941,172.01,1,3,1,1,19049,0, 8.32,3,1.00,-2.36,-2358.22,1304338,0.30,0.00
0.00,5942,171.00,1,3,1,1,19133,0, 7.25,3,1.00,-2.36,-2358.22,1304779,0.21,-0.00
0.00,5943,171.00,1,3,1,1,19217,0, 6.87,3,1.00,-2.14,-2135.01,1305220,0.25,0.00
0.00,5944,171.00,1,3,1,1,19300,0, 7.07,3,1.00,-1.84,-1837.95,1305661,0.59,0.00
0.00,5945,170.64,1,3,1,1,19383,0, 7.07,3,1.00,-1.64,-1639.71,1306102,0.56,-0.00
0.00,5946,170.64,1,3,1,1,19468,0, 6.66,3,1.00,-1.67,-1669.74,1306543,0.19,-0.00
0.00,5947,170.64,1,3,1,1,19552,0, 6.38,3,1.00,-1.75,-1753.36,1306984,-0.13,-0.00
0.00,5948,168.92,1,3,1,1,19637,0, 6.80,3,1.00,-1.66,-1662.17,1307425,0.01,0.00
0.00,5949,168.92,1,3,1,1,19720,0, 6.52,3,1.00,-1.54,-1536.13,1307866,0.25,0.00
0.00,5950,168.92,1,3,1,1,19804,0, 6.07,3,1.00,-1.49,-1485.66,1308307,0.20,-0.00
0.00,5951,168.10,1,3,1,1,19888,0, 4.92,3,1.00,-1.45,-1445.62,1308748,0.10,-0.00
0.00,5952,168.10,1,3,1,1,19972,0, 4.68,3,1.00,-1.25,-1245.54,1309189,0.27,0.00
0.00,5953,168.10,1,3,1,1,20056,0, 5.51,3,1.00,-1.25,-1245.54,1309630,0.23,-0.00
0.00,5954,167.71,1,3,1,1,20140,0, 5.72,3,1.00,-1.06,-1063.35,1310072,0.21,0.00
0.00,5955,167.71,1,3,1,1,20223,0, 6.55,3,1.00,-1.37,-1369.63,1310514,-0.14,-0.00
0.00,5956,167.71,1,3,1,1,20308,0, 5.89,3,1.00,-1.32,-1322.14,1310956,-0.29,0.00
0.00,5957,166.51,1,3,1,1,20393,0, 5.37,3,1.00,-1.13,-1133.36,1311398,0.27,0.00
0.00,5958,166.51,1,3,1,1,20476,0, 5.96,3,1.00,-1.05,-1051.51,1311840,0.31,-0.00
0.00,5959,166.51,1,3,1,1,20560,0, 5.96,3,1.00,-1.04,-1039.06,1312282,0.11,-0.00
0.00,5960,165.58,1,3,1,1,20644,0, 7.00,3,1.00,-1.16,-1158.94,1312724,-0.12,-0.00
0.00,5961,165.58,1,3,1,1,20730,0, 6.17,3,1.00,-1.34,-1344.42,1313166,-0.35,-0.00
0.00,5962,165.58,1,3,1,1,20815,0, 5.44,3,1.00,-1.68,-1679.81,1313608,-0.59,-0.00
0.00,5963,162.51,1,3,1,1,20900,0, 6.69,3,1.00,-2.09,-2093.57,1314050,-0.85,-0.00
0.00,5964,162.51,1,3,1,1,20985,0, 7.18,3,1.00,-2.59,-2592.04,1314492,-1.03,-0.00
0.00,5965,162.51,1,3,1,1,21071,0, 6.59,3,1.00,-2.95,-2951.11,1314934,-0.97,0.00
0.00,5966,159.33,1,3,1,1,21155,0, 6.17,3,1.00,-2.95,-2951.11,1315377,-0.41,0.00
0.00,5967,159.33,1,4,1,1,21239,0, 6.00,3,1.00,-3.76,-3758.24,1315820,-0.91,-0.00
0.00,5968,100.00,0,4,1,1,21325,0, 5.37,3,1.00,-4.59,-4589.42,1316263,-1.85,-0.00
0.00,5969,100.00,0,4,1,1,21410,0, 5.89,3,1.00,-5.48,-5482.67,1316706,-1.95,-0.00
0.00,5970,100.00,0,5,1,1,21495,0, 3.40,3,1.00,-6.15,-6150.76,1317149,-1.76,0.00
0.00,5971,100.00,2,5,1,1,24,0, 0.24,3,1.00,-6.95,-6945.56,1317592,-1.65,-0.00
0.00,5972,100.00,2,5,1,1,25,0, 0.17,3,1.00,-7.20,-7195.31,1318035,-1.18,0.00
0.00,5973,100.00,2,5,1,1,25,0, 0.17,3,1.00,-7.89,-7885.62,1318478,-1.06,-0.00
0.00,5974,100.00,2,5,7,1,0,0, 0.00,1,1.00,-8.38,-8378.66,1318921,-1.34,0.00
0.00,5975,100.00,2,5,7,1,0,0, 0.00,1,1.00,-8.84,-8837.22,1319364,-1.07,0.00
0.00,5976,100.00,2,5,7,1,0,0, 0.00,1,1.00,-9.13,-9134.46,1319807,-0.85,0.00
0.00,5977,100.00,2,5,7,1,0,0, 0.00,1,1.00,-9.13,-9134.46,1320250,-0.34,0.00
0.00,5978,100.00,2,5,7,1,0,0, 0.00,1,1.00,-9.59,-9586.67,1320694,-0.51,-0.00
0.00,5979,100.00,2,5,7,1,0,0, 0.00,1,1.00,-9.98,-9978.21,1321138,-0.95,0.00
0.00,5980,100.00,2,5,7,1,0,0, 0.00,1,1.00,-10.40,-10396.67,1321582,-0.91,-0.00
0.00,5981,100.00,2,5,7,1,0,0, 0.00,1,1.00,-10.71,-10714.97,1322026,-0.83,0.00
0.00,5982,100.00,2,5,7,1,0,0, 0.00,1,1.00,-10.89,-10887.94,1322470,-0.55,0.00
0.00,5983,100.00,2,5,7,1,0,0, 0.00,1,1.00,-11.20,-11198.12,1322914,-0.54,-0.00
0.00,5984,100.00,2,5,7,1,0,0, 0.00,1,1.00,-11.21,-11210.27,1323358,-0.36,0.00
0.00,5985,100.00,2,5,7,1,0,0, 0.00,1,1.00,-11.21,-11210.27,1323802,-0.01,0.00
0.00,5986,100.00,2,5,7,1,0,0, 0.00,1,1.00,-11.21,-11210.27,1324246,0.00,0.00
0.00,5987,100.00,2,5,7,1,0,0, 0.00,1,1.00,-11.28,-11278.62,1324690,-0.08,-0.00
0.00,5988,100.00,2,5,7,1,0,0, 0.00,1,1.00,-11.42,-11419.31,1325134,-0.24,-0.00
0.00,5989,100.00,2,5,7,1,0,0, 0.00,1,1.00,-11.54,-11540.83,1325578,-0.30,0.00
0.00,5990,100.00,2,5,7,1,0,0, 0.00,1,1.00,-11.60,-11595.46,1326023,-0.20,0.00
0.00,5991,100.00,2,5,7,1,0,0, 0.00,1,1.00,-11.49,-11491.82,1326468,0.06,0.00
0.00,5992,100.00,2,5,7,1,0,0, 0.00,1,1.00,-11.30,-11295.17,1326913,0.34,0.00
0.00,5993,100.00,2,5,7,1,0,0, 0.00,1,1.00,-10.86,-10858.34,1327358,0.71,0.00
0.00,5994,100.00,2,5,7,1,0,0, 0.00,1,1.00,-9.89,-9892.33,1327803,1.58,0.00
0.00,5995,100.00,2,5,7,1,0,0, 0.00,1,1.00,-9.89,-9892.33,1328248,1.09,-0.00
0.00,5996,100.00,2,5,7,1,0,0, 0.00,1,1.00,-8.78,-8781.43,1328693,1.25,0.01
0.00,5997,100.00,2,5,7,1,0,0, 0.00,1,1.00,-7.32,-7318.97,1329138,2.89,0.00
0.00,5998,100.00,2,5,7,1,0,0, 0.00,1,1.00,-5.37,-5367.92,1329583,3.84,0.00
0.00,5999,100.00,2,5,7,1,0,0, 0.00,1,1.00,-3.31,-3312.01,1330028,4.50,0.00
0.00,6000,100.00,2,5,7,1,0,0, 0.00,1,1.00,-1.69,-1691.83,1330473,4.13,-0.00
